100000000 1506922183 1236189611 306853238

100000000 1506922183 1236189611 306853238

100000000 569099406 1607140150 823906344

100000000 831602480 704408287 1134515747

100000000 178349423 584642695 2037647927

100000000 1232077670 126810854 1536183938

100000000 2065188356 657733125 1636844041

100000000 1232077670 126810854 1536183938

10000000 923092883 976061291 1205350525

100000000 923092883 976061291 1205350525

100000000 1232077670 126810854 1536183938

100000000 658061970 695098531 1430548937

100000000 2065188356 657733125 1636844041

100000000 1506922183 1236189611 306853238

100000000 569099406 1607140150 823906344

100000000 1232077670 126810854 1536183938

3 1 128 64

